29.24827809540843 88.73557528312465
41.69366142732122 2.851119147664838
20.126089724897145 62.44835029937681
93.39147642774283 47.53337686264969
97.24172027168412 89.2084692448869
64.59391367487348 31.5818162935921
44.987775434473996 91.57706472964419
91.2344840145283 55.28861219266161
90.98773792741963 83.23203209471993
17.84272645062156 34.369068928432924
54.31680941376189 63.165109957166756
57.85567597871902 69.11492295322942
2.008779531617466 46.914515438816885
87.99675264659415 86.69934212394412
49.84468164061526 30.624771276986863
97.21995242329112 73.16748418927885
83.53681711602343 61.053836649376436
90.46942855412902 1.778053791727452
79.77899731718385 59.99119586220119
5.945208945670355 30.04503465532765
60.46497931890007 83.57804973494251
49.55487742579169 54.46061362316018
25.207773328451566 96.36590609397321
42.05220085777345 43.95586457612997
28.86570803228149 14.694079121217596
64.63572417808618 97.07661615199314
33.15942669300148 54.56176993607011
11.635631700255345 36.63310324944252
75.32851558931742 93.10370851853214
6.784914546991949 97.41435156751093
40.653256071864064 54.84955243537124
98.58797629342607 70.42593137486674
58.62737850033811 31.658988273609157
41.66879910445809 79.49325171449175
95.37789668578827 7.647661144378304
62.02727933699037 2.7652327160282653
1.2046927881751324 50.448346678609255
96.441739255668 2.8133763942052137
88.1437335052191 93.01654388577838
84.45457897616426 90.20295449682794
4.615393933311851 64.0637133746369
39.99663340772368 58.96791715892788
3.7177941590688546 54.470872409517156
49.86700364438713 29.901264048840403
40.55823281406995 97.43917616078134
96.1681635862275 75.03133695115048
63.72059776307499 39.59543767220776
96.56487697232684 94.23021555997971
87.20888718755103 83.66931050255036
58.15003768570204 83.71642522151464
74.4999240956309 49.38388918854537
3.304769132417751 89.0116837329569
87.07676186619292 52.52203579362244
59.71036381721668 86.9674862110389
0.5752685344752262 37.36097841339392
42.84498286409517 9.037508075473443
74.63672456115475 15.39235364800522
11.089629062368278 96.90166679763949
7.885456531972556 35.489707539617875
38.771130838053914 35.382520101406435
97.16678904211189 92.34004319977304
40.170226416631884 61.50759504178806
58.1521548363695 56.171233483801544
43.82073023823138 57.697424484845484
75.21994157931483 8.247318136688197
51.89088680663798 81.45384483432987
50.582224776643095 17.679161165731593
10.616985708196358 48.98472522882285
43.7056551815053 48.908255340751225
47.777695940361134 15.610590589545748
17.62228479791963 3.0993663880675704
87.6266297303118 90.12000910136204
72.98247769140431 43.91557979492594
87.93122392213724 66.09524916757353
69.10220309619606 11.52913961891372
5.254977994058008 86.9856712400275
46.68562763577587 3.195106407677739
64.10420966678191 83.33599826652906
88.05590954672134 97.73799975403018
45.26150115139635 94.9011762822798
45.87141730322184 72.9802360389043
20.400076476165996 51.044300800535844
11.581898620529996 75.65449072294803
19.251790350468877 42.39718235941019
50.38711295525682 75.18427748259285
16.375317650600685 94.68028778992186
84.48128665068764 18.971732579261445
81.98138486849727 91.9189606256477
38.59603293127627 40.740977032646654
8.111548133964686 32.61408449595521
8.635067017657184 47.22125640659597
16.57126057474011 37.92278279863691
39.277033124455606 7.602621348015559
8.657938640238537 63.277851157395496
99.22392705495116 36.58753359692531
86.60550276739268 63.22110949063175
10.551273728697252 47.62996897788544
73.8068896702575 79.97125935617449
27.33653642724564 67.05064554392327
87.15190179007502 9.260511221462252
36.97749399643742 32.13903454716982
97.52140544637966 3.548522493737205
19.424824796610153 11.295725890097053
87.62904306222464 51.46315195896843
70.74026365475247 26.72663975307713
21.221022437521555 27.311111808376587
14.21036669075032 94.39045463284717
96.48476488304874 0.980342448990601
33.64300184089425 70.87491667220051
50.80200832315733 51.451914345711515
82.08259577214832 27.04694574175035
3.45072999711723 78.78571920022559
69.28162474389417 68.76180175629763
42.690334578546626 99.2129901482516
8.552681301034115 5.244832693137158
88.08895883376464 43.35006328529363
41.7075143335194 67.03349691943139
80.99342617386549 31.396067478948943
7.165536245927284 40.52739097532145
74.21427920455386 25.464672443834267
50.02347311488881 9.148119349524354
27.621682367693268 24.5432867926081
72.48516799252202 80.88218378379248
53.80922494980253 83.27881577342353
84.27165156505411 0.48518894639845156
61.22526790477286 40.977684160096615
26.476168046178227 30.71085444235482
54.37885337498466 29.177982182181793
48.677996058753294 65.0500600271307
96.44070677465302 24.8564939711717
24.390896535195893 44.51482811905238
92.81293333714045 45.095570436924426
1.914195189459389 74.93840912664871
96.19664326873885 57.86536159831106
70.61523617105057 46.849133708242604
57.37485975951911 9.285313791382787
13.209838007273799 96.25928094298382
33.22613037373243 55.17506840894174
72.84245686756405 83.4266230439076
58.84239067476042 84.41716541491279
55.484993852634155 52.159331755885006
78.44901002922094 65.26834540719643
83.51694987070555 6.27137281498168
77.46742582258095 76.97421881997238
26.43612148008625 18.46063534950797
47.9921696084037 88.12930711096777
1.820197371890142 39.76531721269314
82.5188425653363 47.59806459472923
14.156454947152309 63.12633800323071
47.733673189691 73.62836494676199
91.0658709015842 19.95651066144989
15.683756647675773 6.881919458168451
16.87683975748643 32.961554151149116
74.12299751642696 95.62791330886242
93.88029137330778 39.988050971546805
45.0903499101632 43.953930448936326
65.42688057344671 60.70069327079221
11.167859507935274 27.430636920426387
91.00123812945714 21.474586989608902
47.578696834295364 44.492324089425196
0.6887048905793502 37.691119645466095
34.03213986208089 48.306981610803376
70.98331739882735 27.79925130218639
38.40877528329799 63.41676713133444
64.89349411239147 66.41694692592236
79.0301946451316 75.73310964702583
54.15661198906731 94.64380411960363
28.584581953846577 23.766912277809915
67.65688405998341 57.63679144879224
77.74609624932235 74.09580134074811
99.605671817419 31.970928510638675
16.056537400756522 86.28743398182824
74.05248196910763 82.85775168020956
20.194354167715755 26.644595497289203
12.149632832162272 41.64758256042111
4.3826950080234734 36.97669437956193
58.581076422953096 13.202556361363072
54.669558368948415 59.86830500564516
87.0167729182199 52.18476554175091
26.28024861109497 53.08333528427289
77.14149979952609 98.47366523237594
74.73929230473682 32.61206799935009
3.2286154099494535 37.525999046506385
14.876716709624471 34.94437776148169
4.395942950580745 20.86909035349761
60.50318120607551 52.0849304927326
70.47859632040053 8.319128702231682
49.46763918753442 25.809351824248882
80.38334991741942 72.21281671016256
87.19425549784387 66.30222482424527
68.15255809348494 64.78820831023137
56.28811836024779 41.4153719576631
35.328337349085906 96.14459394503585
92.70831244919172 1.3344693313660727
70.29042310988055 59.97499633937756
87.03038150467054 19.253834886857135
67.84276849293792 9.177219234591394
56.453119180296284 9.158044799820075
51.840025855890936 18.582379344883883
31.972336319189743 38.98802109618206
53.944799681692615 13.058214250768208
17.02417744161817 74.16879335082994
28.981596782767838 85.13076335167025
69.13042028691095 8.999804385964072
91.12791340996279 55.571952809296455
64.27624752862216 63.85069130048714
47.727289355963734 65.00292206895926
84.15477761649139 87.56985708034102
60.91885028192014 16.361868190946183
71.81776251487854 90.17956787031751
82.65642167835537 97.49064173129356
41.96720927238364 68.98355579964796
6.411269309115442 48.043494323714796
94.84901674532031 12.990044504733023
91.87324155930872 58.516091212891105
67.87221238466644 84.39533301670525
57.213386938702484 57.27705435803466
85.77911974763268 73.1952573863779
6.729819538716741 95.0213867809369
51.62776005843478 91.31378456975823
70.7946336439703 36.11727270357997
15.824283731880694 34.953085705259866
4.355883578063125 73.85379704575361
29.376380591027296 45.841352987337345
82.87031381860818 37.177755716604686
96.91207223004395 42.26901716477426
50.579714363742646 73.53885515000026
7.582763361340438 48.4347443354031
4.574120794374947 69.01826642334488
55.05362741946842 10.033509222873205
32.99621919334592 58.884924375894265
47.01066117381143 30.343373849842138
59.54091790958627 26.071274619834295
18.21856483431197 90.37470036881706
56.048695426760744 80.59932724731057
84.66642257420222 9.161724924574122
19.19834613164314 94.14396920337083
24.749929320698637 98.60813435255228
49.73538537603458 71.09841251523687
78.97712257665891 78.51413221855495
45.28958043676254 1.9631127078812871
92.74016227586841 56.50447301835596
74.82392686346323 6.439892690987447
39.555899636261394 83.1402313903423
91.8125646781637 74.06783694083406
30.5849648493555 3.5353838654117564
46.152141989026475 12.947769044437186
20.491254719008733 83.22332662597937
51.362434728387704 77.55515611504742
69.80851933332075 15.909903215111342
10.441556051517619 67.67752347159117
82.79289911881352 33.98758699613339
44.47100098446556 95.96646438392652
96.77273528135335 90.1067091976357
20.78008089874498 12.211290617669768
77.34345401464095 32.6501693235864
52.67270140966417 46.25942566148573
7.2035781845409375 14.585377790068055
30.434112907979916 78.11044036602223
7.209327768620799 8.420757564690796
70.70782741953214 25.260898782681984
15.614914453402328 61.98073264288691
64.07900575948146 1.4967056449742056
65.30372309433092 44.74987944126572
40.866927843584946 43.47047054408058
91.05468998850704 48.463743715607876
47.81650371494198 72.33525838142042
76.20054284646814 6.847913021145036
42.784840112836534 13.902556213357563
16.925325085319688 19.63286717315469
93.42963831321441 55.07914562966665
9.502277601997843 12.612652793559775
22.082292498451327 76.19261798689561
70.86843502664817 50.41637719631963
29.44536626677319 40.53986166736642
19.77911741187075 2.503010949290596
93.7748788606557 23.219884381350976
17.334880559998222 32.285545546356765
27.24160105951745 79.7690676320687
62.3453076457999 35.6544344455519
77.9655657793917 39.988056123734886
24.257259917025674 56.86522978399544
86.19450347796753 15.82754745419017
78.43761395035843 69.45529291675734
44.11983936529049 39.82443825260672
55.086236653309996 6.05918228540726
64.90222873875317 66.96910192512122
64.10643540175805 43.19420755366007
53.923038658509434 60.97992024445708
97.22805543691713 25.270868107916698
71.2625965617446 51.929461969093694
34.87506675686324 36.26272604415127
84.03337650942203 79.60220703541407
60.14742374871492 12.310009361238327
8.925019016221336 57.2201780697638
90.56390105230358 2.690446996509055
66.8081554492876 49.502143548167055
14.393302716465984 81.35267432130763
41.96740489726755 40.80914530865001
91.03618197744693 15.148604078190642
59.90506349393887 42.97950761505342
49.32632061543518 48.94662947593725
4.9333541794535645 71.60853949070084
70.4185053070253 68.69907817186893
56.477446204721325 93.95199812398528
8.594921155883961 59.21421655511126
25.79818719973329 14.689562113846943
2.922122309281261 80.65629435852219
93.92603123158281 30.55812827124281
5.893195461270617 55.743992988675714
81.86400847238102 98.90881232032707
2.0069670545954987 95.79086221485822
0.42741204291797397 57.298361660811324
63.59859080517748 84.02514732917487
3.8421948405656714 21.66136879233138
52.37016263213206 35.568834961057895
34.03597625511999 47.36162629345206
39.56719420238075 38.498214517607984
15.532186593843134 19.423551526093075
66.22064426816675 86.12536673923708
71.44958259108277 42.0155314957382
37.75632461250069 94.16018274350986
79.04697355227994 63.51351441764077
18.55072598040065 71.17639743459075
8.62983355517205 1.716242348946606
45.502328179984886 84.48683761614066
51.19165214071933 75.70079219069659
34.690088647594905 99.40602964846526
81.88644698108013 6.702126603514569
87.08351234441066 41.42118121986882
0.11408045137121237 80.89748666841685
12.178145365107563 28.012302547034086
74.7864479346154 31.584548005535872
27.389608647840234 74.17171504523596
66.70522038295739 64.03762039521634
49.479104846150136 60.372340920531485
58.87790400903986 63.94051770184247
85.9846900653079 85.42707548178343
57.312788919628524 3.6602231893404835
32.00205556135437 71.47351541023828
29.084134690652107 18.899162817960434
3.1973253225413445 69.03446339080828
94.87815516313853 63.542275677031824
99.30899231176348 34.17842392283734
45.64877036299762 48.389675873404514
24.87555197564406 2.7934460982275255
49.86603999076025 64.19875599257614
55.13110648650332 82.63230531446825
12.331393960344583 82.26964751284756
75.82694526169676 86.88550165202194
7.988804167474184 75.0689554970309
55.35470492276608 71.10721205378351
38.8486515834306 62.75437203933766
15.44186859291421 62.467307074084445
86.65264363545941 34.46499817480165
64.55514638541948 24.264371637601123
25.061454343562893 64.48532559983826
76.35174190325975 23.563139165860512
26.978152123412524 37.345543959168715
44.48282109599682 77.1650806322159
79.97427145170172 31.01881113014513
52.344111650299574 44.92840248891964
29.45506131275144 55.771336992079476
96.4136291751986 1.4672599500470063
62.31474459359361 32.40126553131834
59.9855798895099 49.330296390975334
23.429640277239304 83.59619301087383
31.096718895897833 6.134457342143762
69.82575430785518 62.36485347924564
7.044409840889665 86.29489335353536
91.94116625945868 5.662853782742205
30.958869729963368 74.59206178739655
27.64382647788388 24.942455162977105
90.44325452470864 63.78438570172903
45.234149692314794 92.70904214365612
32.553301805851355 10.150027379997805
26.65794887081645 65.94842516430435
3.642650045899576 52.543801954017546
57.3744909842874 76.96476311421284
25.437965812271347 41.93031826357165
51.1806765395832 22.162716814285798
1.5619667178479513 92.27737486383874
17.286246988180675 24.812788183731794
83.62828682792346 62.95305680569668
33.06575755627894 14.005788075517433
47.81578786466988 62.05079184645107
10.047932204724086 79.97003723518655
19.71013507789211 23.91050965375664
82.15171604755368 70.78260933068609
33.88984989010977 49.781389304420465
83.19380866194925 56.90353290431798
71.85610086079134 69.93590164558753
34.273691450243994 17.437276599034625
71.03554196248976 10.74938705422116
26.315967566442133 43.70121938069781
48.96866996310961 10.227168302500367
58.03296392451329 95.52941650925516
39.04684469970168 27.475462742586444
15.860485940009273 90.11770171165938
26.904870855595664 58.864282815249304
50.51662161521495 23.020730022066594
38.88538763850421 44.77532277944698
4.018092601309364 82.6673657593004
8.50694195039784 16.03993046508331
15.324454038988133 4.06553777100439
1.3588686869491995 90.56248848574319
48.14985431371087 60.04077827256609
51.09364723303457 93.07453525346199
58.66571866829747 40.90697975873532
79.4196438912272 4.932788622728479
29.658858494024678 16.52815925141471
4.975629233813683 87.47407091023524
88.63399464249314 23.238289603359487
25.846723058270094 8.099025253442594
68.04125144350787 12.044916633680902
42.792233161470975 77.21289575888785
29.251623499512526 59.82383520635716
34.83953953030262 58.79919214906403
94.81552379304944 97.17592383092756
32.89390221703222 22.899348374264616
49.88298892425765 4.952103592749024
44.60217607426772 23.890400945815806
39.32343702042386 90.95627081862686
68.24477939859646 93.72592425874896
73.21410796194463 58.19514648567312
65.53953649485119 81.11593009871528
35.64030039005519 84.20690979704274
27.90256228152138 50.42299962322573
80.75988849130363 44.94710783599155
5.875536019528427 0.7344980148604963
15.178575766288048 65.17626963744662
71.01780933802303 59.985535636659925
36.184276221270984 98.59171292536601
74.22508627766831 84.27099552318364
35.99082116023887 26.514650544745844
68.30585120800153 97.70302716079601
74.52484767155232 30.549304929537648
98.71094390383648 81.0223476019234
67.67161250888772 71.03106157732594
22.914503955208076 84.39835065093465
56.685760263994865 27.856037971900882
55.78241830309112 96.76162775826263
35.158630845555706 80.30802043801478
31.195667133203443 60.57537999644676
75.52387875390991 50.58887617131504
95.84579007944004 79.83828592075098
79.72149448633111 29.790301243970983
92.87250673504403 96.40003850171853
77.04305476300736 65.02159358444864
74.90538198514243 39.23049219939223
63.35797640152313 57.78583634864531
36.99208050656061 96.18900160880085
55.61479658457233 35.83651982506605
56.65383643593045 57.438445431975374
40.818499134401975 87.98770839609952
45.106031745913654 19.158844846008016
20.345893919825265 70.87773909472934
15.147699004134607 14.835104596598814
32.91105556950819 81.58478669875512
32.05609768968101 52.056778633735156
23.177930569152238 47.104927531235006
24.62543929546831 17.698104125673474
15.669139822698641 37.04335184009276
80.09685881623142 29.771228194263998
21.143605484655005 10.312096320870934
70.89636395713167 11.813002123849458
90.27499395486261 6.336578305369667
49.456829647298164 17.336445504865374
18.698924813783655 92.4135860104581
66.63998004268443 81.59147142816462
9.84476681160974 28.159457865876693
84.35742164706215 12.688325726839345
49.62322795266263 53.03293682101198
41.81060853945813 32.54846195460023
66.07007181315227 27.730010898943824
71.27689666399606 96.45943749719109
52.0241226685256 63.67180817784035
89.52398653936764 74.17914457086162
54.38188273397291 37.668791089214245
5.510943749756381 93.07442111199772
5.367317031851182 7.522544202712956
30.175806638863744 78.37278260359025
21.874669930673463 46.272227428622315
7.559651896574914 56.42521004093305
25.64941951870968 28.56337171982758
77.74331149275734 25.344705416151946
80.23937917875605 56.85560622378974
25.31244745274831 70.66523920415166
84.15616867240274 62.15981130732826
74.74231552530412 31.118114374148277
7.347459135579138 98.5340398383628
70.85099028335735 36.407195550404495
63.02033335169103 82.92561117176615
86.7045749092155 51.962258192823654
12.012259692836624 7.184328916931926
28.608710766966293 96.13186689967445
89.81264600953351 93.36621925488045
95.47650504173394 56.33535138512917
64.53001061379207 47.68958991019744
53.30940280848912 21.916255145410936
25.855717380135424 15.331044325721876
23.14771692508606 94.86035958167966
75.21883562914779 43.3841364599143
13.567518333164818 97.77688642470419
8.195060866973714 66.6313201674578
81.7097118232432 88.729544994514
7.360290073445086 58.62622495987381
4.429079748043618 92.03912519301144
88.26712523437858 43.80581765694298
20.442760799388115 55.133827315259886
95.29566561669695 5.720832145607602
88.48029734056155 23.677156161893254
50.15933107001737 78.97134283854001
86.7500408796668 42.84084165324935
41.76408838335129 83.91356095601823
75.85504518791211 98.1365982100901
2.347529524985348 55.918093699532136
40.00965957808451 12.436195609815403
62.28947538688416 10.858487827810837
45.57842464968169 8.298561801508853
40.328343544228716 2.4232436150611103
23.817777604393452 21.312614603261114
1.3093207344462066 6.210942903029448
7.344161988551113 62.93711673193055
38.23897947898652 11.526632836175954
9.896034828269041 9.314767901974575
98.48290580734542 65.8926775072018
58.633278790284834 45.440981588947835
78.26760630216825 64.62728838308863
82.89519316669735 41.229767323324516
44.30255812293014 81.94260989141775
63.315844868989146 66.53423792302688
96.8060538852254 37.14483883968249
89.52538536470247 90.10058879897628
58.32391112532655 11.504685001987468
77.68948599607386 78.3479535177743
78.69639353323488 55.52317918539173
63.321963891427266 90.31091108456826
69.24596847781909 57.86663321413496
23.436099452607195 69.69823499097801
63.9201340797284 10.33562793902374
24.72746221172163 17.320893574229736
61.74065228422469 69.30318410816719
79.77836092702337 88.70877540911964
58.9285586893075 25.67200589469678
20.3419810918095 87.63520350599208
98.45845419221715 2.909815111810077
1.7859273292807343 48.66842513565439
8.593364564773353 36.5876721875528
93.78169604652989 34.036037490383066
24.511753859225472 47.01543417923799
10.36141974357977 50.22754669792104
90.64005838436564 57.19566492486108
57.7563309616461 37.745006540386484
11.756742517606932 23.90804466792712
22.14355328116803 67.2671718195747
34.127902444789605 56.191716611288676
37.00703175296051 96.63825619094834
86.00844333186335 59.890321990480686
78.1064863593823 3.311982258108792
10.75774404474763 30.545762235271255
42.38547407821596 21.66881886771114
41.48776356055674 12.418924360421391
0.3655998811386785 7.2816262086313195
4.354573992152577 16.415419077339354
55.108238617385496 23.1961176255571
8.076728045790748 50.64051243275659
97.05452697527853 66.35593491063338
24.996742634031786 28.014433752401267
44.657615711720666 1.1999208566229602
92.68226057737282 33.08044892880064
9.867341510413574 10.406528200103448
23.87998533065625 37.09697098857556
95.87112207059633 34.866831235705696
13.79320554361093 22.29847339877178
30.614290086386664 35.99828465152447
7.064932360319798 64.40614723278732
58.97325137792693 3.390098685002041
8.603804478344589 38.81558704825848
67.12778772350914 44.68297356336871
62.49358716391742 46.31469883940257
78.08087755213849 30.295994988339736
87.74912507378293 87.19053892654213
39.45470950427852 93.26681439029998
37.43966425414605 73.95502265379648
2.1412181560923838 48.09580310534095
10.796909769177866 70.32127322187515
72.87497596761199 19.348535211507112
43.24213321963535 54.37833928277897
57.58456901235587 55.02218992739915
43.08708256290953 5.696734938556003
22.97355685598752 43.64770661622504
42.65129243265078 3.8326234432330297
60.05990368364903 86.8158685732661
50.040355151136296 16.46230819853717
69.50590399501931 90.05235153337895
72.94823099634421 58.86379486178437
66.91775988643207 87.63917410278991
59.485250441212955 61.00605035911683
36.20503706680199 8.389853947617231
63.726967650911114 16.524600140690826
10.0547063862927 36.17074414587189
41.4229085623201 87.75668926035928
43.04173648529201 56.315029350025945
87.19461384676046 61.45658511082519
77.26211125059743 50.471501970795984
69.04989142395046 65.2181215234505
64.5601480904392 83.31089231240973
31.008038910159065 31.32626006586475
3.778581956119298 68.51368498588613
16.93516032818293 98.69063650953984
42.42345292717123 18.175308435211058
56.06149084273907 70.26037382188231
67.40007047141947 69.47964773719242
19.798363277048516 77.59840910853755
2.41076569084403 50.8955485093973
88.179791403873 41.80561292992577
33.053768267462615 68.82531794834169
96.77541957301308 54.129857673031545
52.16399607804117 58.00987569667305
62.68984954821345 9.039176381268177
11.022013316466117 62.4606467054646
48.7453156463869 92.00739508186078
49.54784044683136 17.646588279092168
94.43139704523402 99.1730683063113
22.243849029280316 44.87955168962572
46.68077714004014 29.53368975697076
80.2365092851293 39.01243815925759
13.153601230563329 68.81580403734878
82.59748193510178 81.22292197730162
51.92143104481012 95.48508975263707
89.502459840808 23.16004095897729
98.51532151991641 66.36587731097285
44.89006801312849 15.368691607116524
44.53858556853344 6.201438023413952
96.98314572796019 93.07944963556304
35.69680063402478 80.43690580458824
43.36102463660472 51.33527073324197
47.873420842375005 89.96439376119375
6.809148979436719 86.64818472179977
65.68908316950487 30.23127798316717
84.45339775183417 80.29917545152026
46.94289056780983 96.3226238121847
23.210651723811615 56.05720732603068
47.45386258009534 43.36708274064005
24.862766648384017 5.761058294373744
18.430748850172606 15.410657162770258
94.6479138972521 43.74439162318159
48.49917020159725 63.67971820443826
53.20323836824588 48.72510770347107
56.720850267921065 98.50887651639702
35.04862176450049 79.38114462238632
44.52812165313718 34.95986699282494
50.81099682623227 37.165531389744274
97.57418545754511 98.08020152160711
6.096536426426047 85.43983980667346
6.170719188586449 97.67815342243968
6.8190144591523065 20.51899096497816
8.35135511426408 37.12305973157817
38.66806904911518 33.64104239563508
78.51720642812997 78.92946061937882
99.50592072517172 30.03253063319583
89.09066696894693 31.47305901501306
14.208495092648278 68.04278569548363
73.54740573217417 32.38869611388166
98.60766147483618 8.29357923189794
98.9600590477153 71.30907498901354
0.7678176880548837 66.7440397438792
35.02561377076948 17.440429096702324
80.91119318387078 98.73943351839866
16.697361578996926 4.78589458642541
32.33966333694883 13.746242658992324
58.66375993920321 41.07474489100974
33.76698238361523 96.32751719033458
4.245593940968595 66.58694080985191
75.86652272401368 62.24355481250551
48.69096631741918 19.29025539111674
90.37804433055014 19.580322023250485
29.00531085397191 97.45157866480466
27.96441886343758 70.40720358541715
82.86980835242083 36.5046671535339
88.23943608215458 71.85375691329315
15.114636298085294 79.0553680787571
7.8243851845491985 55.19567879165579
72.66181711461121 77.93502595693175
63.82458954724834 5.256313059198103
31.294907268162998 38.0588401107013
31.737440026732976 33.945400305511065
50.08066006511825 79.87978378577355
74.27590207839691 30.42969038923401
90.40083596476055 99.96283959127318
19.388503980626826 72.01276342117994
76.23886435214395 99.94919333345184
48.65578045641211 93.08649585759461
39.270559685891904 23.62112723525963
93.29876043226287 72.45011350029284
60.70176382433091 81.28180482560012
94.02990863576194 27.25600668040007
32.83513254486204 53.79103574649107
95.38155813967091 80.04426953722033
88.27577047096446 74.43431603821564
86.30225180485168 46.25562906784578
80.26412314268381 1.4070038146731023
64.98421576359783 93.70996199823645
78.48308977734317 92.26527220064985
52.979976004949805 53.181093340021235
31.751830457207298 2.1997821864257583
30.70880937495395 0.3785291811074565
75.01114223782562 74.41564852675168
27.397549890368666 14.598687455290026
24.99681116741488 53.76340952648885
78.48612991353544 93.846105063774
43.91016054763921 97.60171396692856
3.9336730474891612 1.9191423565719012
75.08252612648954 16.649515001018646
22.91737979417492 43.58978048832981
9.449068414033402 40.032013331080705
20.492874990306742 83.1810277231076
86.70753018729343 84.4520876906219
16.18689592991126 45.08738489995926
62.24385452017589 12.345610062659041
55.50540906533964 62.88432058771991
90.09088093689019 63.90917366334244
85.17759190292975 20.58399418361827
69.09323691600123 17.617500128653873
94.33112682625368 21.050565226550177
37.8342067769189 36.55307299047518
64.59490814542971 29.628120053547413
14.754913090200162 25.105564663135237
8.349949492229902 94.59205116201188
86.8123600111434 34.58672605480344
43.74000935550336 45.954136759937846
13.839670499691625 73.34046686348292
87.77793999993531 60.88704578779854
17.297192575163923 44.968836532073155
8.068102022020874 8.88870118431816
88.11315349786942 85.90569829430108
12.458543526733001 32.556490582623
15.357363227777455 94.73922624777948
7.344169061518302 96.38886684270034
38.96184533096672 95.05651086389796
38.17889149660545 66.705144387653
65.68413920606433 97.20315915454829
32.74788936766386 15.579418912360621
2.0038129450485553 86.62122821968882
3.051867831361932 84.20169350419901
63.62105687348877 56.72375489617208
97.74411104149742 13.020646658908753
87.17759391503446 85.24401135899814
22.560686877480627 68.82126452499121
69.89564465071635 10.639291080639401
58.81042651033274 8.984282466418724
94.00583387438452 91.73185611063751
66.72095301361051 53.822128726433796
78.48182198964192 84.29672393178087
55.986743369302474 1.153763808111885
28.10766463073322 82.69034156643869
96.33381599635183 7.7355636308377385
8.32612166328448 28.318980696076814
31.423862071048326 52.329782034752
2.4165333382540677 94.51728691376792
19.079309488830187 21.743979541453072
5.698751273901259 25.50755250165464
58.83494216019828 76.50440814745674
89.49000500005934 74.83540661455315
70.16998576207479 41.14609594552078
58.39235167919017 96.45503207139076
43.49059082301848 23.08654489561026
76.26880643636173 84.9136362156478
1.699410440161131 98.1164228365216
5.004378099859985 38.86548522034581
51.176595881848954 38.900468339204274
9.105358989384815 95.76534474075723
63.10296183063424 85.92434817877161
1.9968173201535433 83.80954117586899
17.40254412209805 24.594861694678205
76.90176024248163 22.55571797939968
6.305391946043725 77.74262906657925
31.796585424258993 51.03732530296187
89.61682372530815 93.18330713064191
65.2818484070623 13.183943633521089
99.79955449196476 81.93048268084058
27.920101862198653 33.47360404251759
72.3432958551108 34.205015624640986
64.93971856643364 64.67360558866348
98.98936706915879 87.83395292757662
97.57362434066434 51.77342836797776
14.654055965607215 64.08491751849829
29.83611513775163 27.39721993446188
55.340011098248965 27.717033367100274
54.0646967060451 73.94990410436863
94.23375063533997 27.147849985307516
9.95080236296133 20.245490070394613
60.95697511377798 36.00742390277111
23.348297073889192 59.08407374082842
11.301189584031391 23.24557954818276
21.575614715481393 35.038970413957635
55.338993939914495 98.9815734107767
49.50063218560315 99.1561588348445
68.94478845271584 34.685584335643135
40.34570395527083 69.1551561403648
21.391315605067728 49.275400238197676
28.577783374892498 34.654480161832545
97.85908982581292 56.83517673270371
50.29250804890359 26.62481162956466
36.02045406026709 3.3548030816370034
47.78100731709301 77.92612177670065
56.27269119089468 13.326199956096673
89.57846930458919 98.15260497242613
45.03928272618896 68.96020524300705
15.91416512466558 6.201925454667534
72.27745578299741 14.996719356692312
51.801141111117865 25.133738232661774
22.54004950927203 45.09553877603264
24.685178995388856 38.3018514385661
38.95421938851526 64.90370586436647
6.955549078205192 62.314260094871074
64.7204976926272 29.9479069223339
59.08988393054467 57.76496315861169
58.50330401895166 23.87857318826501
50.48620809869205 88.75103158504297
33.97167754144954 63.412702462619905
54.306836412697436 94.45864581320566
68.00854117466393 51.0437924152279
18.3176945331474 32.403896956710454
72.24189899270046 51.88770638880077
8.11999390344228 59.55409837276703
31.295128898768876 39.93022675533878
38.13582192607644 40.90200165674413
22.80116717227535 79.38062626579885
28.622413605804596 37.71923140401763
56.10610110556266 25.171926517821454
43.28983353905274 68.88589789884352
34.473664392554994 76.87783381826073
21.299447489470058 84.54935495998481
6.894590440864034 38.316349086776256
74.37291168652041 97.56087839258097
80.82990841888105 5.8654103542798985
13.219511286030826 1.296758102020834
18.784646194028475 8.933822216705966
46.67548476670711 97.70682057460738
43.08486575502673 92.39148388857231
58.552494479492246 35.955838956234196
27.489126892349404 97.46505232562005
92.43987220701582 78.38830400502944
51.835485991584676 65.8107915342732
42.973957126109276 83.66787481487074
5.610291621393038 83.9715586883146
49.517309801290295 79.12414190786964
15.316491641000496 97.58697378417243
70.6030904596918 78.84170327302165
81.44702279196306 43.55230138983557
43.441843764199085 56.92201758590206
51.74519810696062 41.800713395996944
16.784630290893542 84.03053155102067
55.98712324205181 46.46820902237842
38.770626545080056 96.59882592809042
81.33229646409609 97.42761577457296
86.68845937820451 83.9228213268615
90.41704371702089 92.59308773930458
94.5292855913571 78.3889692720523
39.642094057915 91.10508529623101
47.582436608149656 61.735010395641886
35.1392330731488 13.36955355011684
66.82360713154728 87.90413502853443
73.28855127336568 40.58680999721873
92.88857041030624 9.552285329248388
59.748637212551905 71.42998577701874
24.83016247386797 11.905117216426097
96.53852389934872 1.6965872666983683
90.54391201509657 19.61680517009675
66.9761702599771 94.96106001595865
46.65179939587677 71.68941856106487
50.88063562617599 44.286704261486285
75.13422869048385 32.112093559133555
95.95162214989726 44.298665080629206
26.357622685004788 54.789205605936594
17.019912203648047 50.485584656557016
39.18147935771675 91.41493407057298
21.075472939135366 79.4833570927963
73.61780765526589 45.058244685286894
89.46538297613728 18.349322514267474
15.073069290795338 56.4340785234409
24.127939702275334 93.73659259922239
68.41655951643652 92.69197544526533
14.342195945463299 90.8443621226906
27.781330212428735 15.489973842880067
95.8177167341381 61.6387707138979
7.463107693519399 74.12358843197653
98.75829200294447 49.28785733823477
43.374039558407176 60.2158013662091
46.13992567476135 74.89621189016032
4.064249746969805 13.235009137838604
50.524429623003655 31.99683860765924
48.62964314846501 41.75316967015019
86.549717920147 2.52747480992217
22.488179163519074 4.238142656149124
78.85282281158601 27.094939237181514
95.96450331401391 5.752614882705254
37.98854410043228 21.548366658927264
9.60777778706271 44.693398248624774
41.97513091825442 10.347497702089214
96.84140748300736 30.01209173434448
72.19529734753816 64.07760008163056
70.45544190696977 34.67042610538517
1.8965340674677478 14.328522638379038
83.42109381894906 66.59589636061658
63.08717153707342 31.040691161221467
67.65702405760163 2.5547163893268943
69.00522302688745 17.97959212438539
3.608391231672925 55.82794438384144
35.75585917451074 45.73957694757124
49.57104638378671 73.99662623032262
49.71502500187847 42.822376610869384
92.64189829957195 93.02569022099463
56.17623504431724 21.886074719547498
0.16347168446901872 67.29186981335387
48.263477855830864 45.89994710343762
48.25112931400373 89.97954658893029
5.60369964393026 99.49365998470444
35.36015915649327 16.725141092376184
5.551445933255172 72.64328700575933
85.24662254858818 25.08830177587197
99.27181300446065 17.818834342835764
78.21418694715075 59.945097019915195
2.719854593183635 56.64235771516083
22.65906990721003 97.94176906575876
72.08671903875583 24.678940815752483
59.87180074957589 29.604047416511982
34.11443822729709 26.019760832944485
2.7291355446426246 39.47539096377742
7.707480771601604 0.07716570051271576
10.392533484557486 59.09189639976531
1.5106604391609713 66.49874623138554
85.34710351665264 60.295012255516866
4.815119737400897 87.10050639333504
50.69344426776561 77.90679618302406
63.215821067416925 52.989092562520824
21.465920368283818 65.4484909162584
24.8043425850609 59.0259469549854
20.450542074930688 12.980329666749746
73.26290546056985 37.955743698978615
15.77280838603443 15.113448051403665
99.62146054930226 89.69880440995101
55.913388673099185 0.3079148924345576
71.50699747509584 26.15096403026228
38.16374457145035 65.00539040843624
38.01327484748276 33.10792388037217
34.092315188476206 22.958574574591907
58.683252775556525 92.95853085314305
36.65523005776774 52.34327543499314
15.869976954288056 43.682761131114546
62.42168588287961 16.168435986242436
7.31772784789162 71.50628216735905
58.551923597346665 6.357673557470189
86.82494715030185 4.4922620926886925
6.957433806319169 61.79652996244028
16.700693014167978 88.4839469707872
21.793856001228416 8.313434267877252
10.2179690258985 44.89500900600659
93.09959519430303 16.784403302945925
38.337988625039266 31.967686465305224
27.692455189314934 95.34294409910753
1.5701292964945823 7.445727677665914
68.94780264283625 96.21101155768713
89.57157930492787 92.15811369839176
98.32628008811712 2.665037936060388
96.47104996927919 88.0386890795437
5.213268661140158 78.08359351164515
92.16780151385602 82.24460365596443
55.984788939510565 24.447172735277544
36.1976117299891 48.2656039803621
80.2347957439444 65.57921436420433
61.874438054394034 51.03946667388266
73.4057338770356 99.49226788644991
90.08067393916106 73.14300741969608
47.6265614478621 30.713570742496753
44.897584789862286 76.31773650419976
47.481838734074266 60.77148016532784
61.43388371088589 89.0132148925278
13.855045990153537 38.24099713710801
32.914821622916435 25.047404042014733
97.1109286948035 73.5194921266097
48.19041362030427 42.80208745307373
6.005812123712218 99.88402649732473
98.67352509335525 51.243622762658624
78.58220645741069 44.785301766392585
34.01494671368336 41.10498893589482
45.413436947008215 84.96337461567457
97.5797673906347 1.159828485119252
56.98701166309185 71.10469653473423
17.70673827852207 38.677609539065436
85.90210174252037 41.405698505347665
85.21829754912066 25.34137690861954
46.36871300942551 99.7988847758586
45.71293054643083 93.63793304108671
80.53617566835877 39.26887121245704
57.970175208170495 47.47669627648398
87.23690866844647 88.08238132518429
92.69715760182086 26.261081659614337
21.396374087737623 58.32634500051418
19.37287807998025 0.8496013647074641
17.033210900633133 57.94829839343018
44.88307100103768 41.419138602612236
33.98827481507689 36.11692901537252
16.520450621817538 87.57319405202445
30.095135455560417 6.712443864464291
75.38741396215987 95.95971432854166
95.7455117077452 47.917701206375675
20.653388098730087 47.36004187266393
87.00199358384374 99.8544784879049
20.145140897320335 24.864122153844082
81.0092336299168 67.08914919493203
65.6448379580826 5.550640804445917
32.090003812176825 19.13731545168388
61.528072767963515 47.352942240015906
58.43528632895971 19.21081302337152
88.05925552648803 44.61892307201414
91.31622364513204 34.01141838746368
30.417058263969032 5.507134010178849
70.24051018123568 71.65347278574494
32.27402544034524 85.91045903885318
47.79029130071608 42.234603510156646
2.463419919040266 55.438716067192914
58.45632917159034 18.72267131499742
74.67370952051166 29.39826799183125
2.5559229042948273 46.388066729653254
44.24351836963273 30.813360120456522
18.644637335191483 36.76266312537325
14.198916939425699 54.03967855028823
51.21468804272551 39.81850598986257
6.960906303035042 69.67420572001217
52.7611491100351 80.26979000727769
47.52266607685218 98.9729691464149
30.186544558611462 5.46052162998496
80.24017372286856 48.70292104390018
53.75064249414353 20.384298362708464
6.337558563188217 48.98843471305751
41.196294472617645 28.980726884982523
67.62497763715616 42.36669876880226
19.160390249271376 68.1669015890463
42.91485997735014 12.177611853737769
86.8725824079026 82.63896604496549
60.98218521168041 93.60017593969671
83.87170295859417 5.9817874667938415
33.426562914772575 82.12131690979277
63.3294804298663 86.72299819353691
99.14825938981309 49.668641643868284
93.54994381379898 32.730102779477455
87.1886086342682 29.207958638221363
67.99503673542605 87.12812096829899
85.30305177487169 40.14531745545619
88.31227859265644 94.46574193493338
88.49911528094474 8.661687279250529
11.11956304683771 3.8312047622948375
49.91674095480503 38.75936722648831
80.49280054356208 10.986420391168561
12.75136486379509 35.38761328362001
69.43649167932752 48.069107769582075
74.74582259077631 43.13906828854803
57.05274539579277 72.29699395965359
82.60242165385623 30.979172276163634
29.54103200161513 89.44079701822378
51.626819397491055 73.7382518844156
29.684979929394284 65.71562762991505
46.24291080409368 71.76485127939391
59.73502094578787 69.51763780973236
81.79141505733699 91.5422791486528
61.417398939202904 15.963202005404531
8.198368062065187 54.27593736438967
71.01235541377253 7.8418764846788
55.7388074927379 80.85709530645092
65.72424564368117 6.352036700235509
65.97947249063346 4.370631326177177
57.14884313923331 74.11201021365508
39.822726406132105 34.73514388785988
44.887208854743875 77.04334951170844
22.22597256177995 40.38980466392622
83.34562407751793 61.14009796811922
24.113662873249286 54.090702963812575
10.05877582203658 48.40777336504346
86.4965452107783 98.82056564088543
67.19457271169863 86.17822839749647
61.29144146117379 9.469338695156138
68.13647249616174 75.59630330090438
81.20289617864506 70.59072730283188
46.914026988124256 37.51156960452589
76.58826628560342 24.515698182824607
24.36745919864537 34.12305054849276
0.7349896933652733 97.51240397398
84.42992860717303 41.15487846023452
94.59799770405539 47.115581977229425
86.34359833886595 83.80732232912315
29.20341356900602 19.90420068970331
36.811615991308365 40.42724541536502
2.1765640547628418 83.92865886939191
72.87362434361235 41.94397108495059
25.622898706136567 2.1859858367194396
38.6387288186962 78.44019757123883
2.3412082403039824 96.32369152192082
80.41741501272429 54.21378425450746
89.85371138106306 79.24717202729957
95.94839524991906 52.20563519584162
67.35768634648753 50.29417733671122
43.97561224113499 36.80108593017706
87.1891636033927 20.476281262551655
81.31648227938449 38.64979385809052
78.03396319624973 47.98216212877183
22.491239052679756 56.14583617235682
23.841966038549877 28.694847078178086
8.914977208983288 98.99426343246363
32.745217714160354 75.43868599872215
49.60623725824874 91.57836796574736
63.23625558438406 79.42819833429458
9.627097364252812 56.6074284646004
48.58397168391644 75.34355592848449
98.39363273324807 27.901548449142833
97.32193340478456 78.78271718104715
21.84668839625613 9.067521212666662
57.10862352884254 37.52211268352662
89.97718589495992 70.56367253226713
93.17261210306434 51.91075080750067
21.987986891561505 9.764119554640926
15.571528905595589 94.88671945286504
4.7011063556340655 20.121600334509125
53.51243806408525 82.14087944877008
95.99069540495113 58.61637158938349
53.378330517602045 35.281011436917055
0.6180538556348703 19.545287303086734
30.545448182407718 96.02072754507711
60.09356190380007 47.80057719589781
80.99945820530982 62.16604977947504
93.95178103594206 96.24675927292843
75.22749829809821 36.27969933069226
23.299326755701788 85.33466594133002
41.07086812114646 33.1985054394315
3.743514380347024 73.87864173724908
57.98432677456028 12.24158436397158
10.219616452776414 84.07558249284756
52.35462468580015 93.84360301501974
1.7846579265145324 61.2921366337653
34.22798477248518 1.7608662768212047
93.11733031122834 2.3716564768093584
14.427458879217758 90.91265364610798
72.76011112364104 20.981721774211703
26.892300110001564 67.7118715947455
80.25145977122247 90.97189227008025
26.401308312398196 28.805986297257846
24.32100789097975 68.22440224535703
48.16260160704895 45.20852273672558
72.68449955200906 73.63157621634623
40.11535433638055 31.15538252932342
1.2177261730568212 41.797823782301805
43.82990155297406 7.227500252501306
38.01452910504564 18.5915509770085
72.78311263266424 82.93246149054644
45.32356468620987 64.71959548771501
19.71322178680637 16.384621250209886
55.79641384620049 72.52868883073786
53.62036044321663 32.72366004748041
35.81237867840573 92.24730877774827
52.21837351538585 8.971169295855574
1.0920908948455765 21.837024097431634
61.85312466276519 92.38353267760898
30.719283949871333 40.94159863388383
34.885125561895734 17.752157467039076
59.57162456568172 29.67655602211382
4.642536436548728 92.20433149269772
2.846636112545209 46.31851675056329
84.29362397541344 56.86198246976972
68.52687409829208 45.207274324098826
75.23380238190187 14.930548038314894
25.422611641665547 6.440665261762202
33.46768400549864 72.95784160682722
46.2499614499028 52.12726992227146
16.923729380402808 3.5014585599929537
77.12149783708475 60.94924917865784
88.9730644469613 97.47488793984411
53.085588723458756 11.40701392090595
4.7622357546836085 56.003662565099454
93.32981048998852 34.91689626923519
14.718191211918318 19.664427769409386
67.54660519420537 60.25145862932928
96.48313650793673 13.605738692973047
76.03975386819364 55.742862001396276
7.513524729211407 25.427766725298707
83.51151885832344 83.99641617313574
53.07478875120174 77.05371900859525
59.91083703394891 87.04691411573945
27.880501952467885 21.71773042454457
56.90247552883203 2.803554165604061
2.051984755328884 41.344212925963696
7.139522277604549 27.479402418832755
96.71399665066082 92.0756401075576
5.87452158368138 5.005289585659812
19.613199232764277 88.9678724536942
86.39373371386128 84.76278680879533
43.13231026152013 71.31361728550559
71.03260892859305 74.93585627831409
71.66630933825992 93.54694477927337
48.05970965020055 84.28942881548193
38.67462766977696 21.313245043589458
46.28057163133352 68.07185925310203
76.38673565224006 19.720689922515945
7.059698297681116 60.378391781239415
74.1661077788462 45.2735551557687
71.23061817651265 79.06803226318013
59.77249253032338 91.16565504505763
73.83649633926626 27.975847342870498
7.158253474242882 59.76061708802056
31.37649349095819 20.727396194960214
64.56269533159197 85.82120159415152
16.204433205138848 8.65586542419361
4.707853597707357 51.79959265990011
7.446858321573857 31.2149413441687
42.25636104650676 92.0524711426266
25.696004492845205 20.795591586918427
51.15363425638958 10.369809024122222
1.365857542403548 2.5330057515418947
77.45871407083456 28.81136628737676
6.93148452469533 4.060727445314893
40.505223776107144 20.900651070691943
99.5986795678771 1.6947984690610873
17.13949273709885 74.54090048767932
17.26237424850483 21.681933566287213
92.65171107338267 68.02706197795779
37.77498470205797 17.901358795630685
74.43743147728644 70.1111032687035
2.8191618919712336 28.484533771620345
40.40600328833074 7.471648640283379
58.48895033369459 73.05525398370251
85.15592180359543 20.188971225352493
58.35145516071836 20.927458888286033
8.540830359913542 76.55088663499232
98.12146033348118 25.94123748396634
76.44436605704527 76.25802069596665
52.26063835074133 38.95863195525483
73.12887230636652 81.12900389224576
84.06455950755064 18.019697210783157
48.012558247355706 87.0808747022476
34.55037528107747 27.924325407173512
14.173186338347632 85.8579504140343
80.19711474373658 36.07190653376616
47.085889153383974 95.2732758940958
0.46091647099442135 70.82411019269968
8.118271832165691 88.48670491473204
35.14794515800358 15.229893442282883
90.79349790959468 29.15745265311007
90.1548273592818 41.239102540590444
50.437401172998605 43.021224649472714
54.29017592099241 38.82981229873464
70.18322561651213 29.626090838711704
81.31282547220913 38.65605880478796
16.348361212006544 78.60736357183644
94.7807724574201 49.058554758971695
10.127317576979289 67.88920655388898
7.613732805324814 66.51839271674955
90.86321648318308 84.99367033607079
43.53126210287178 48.826833283428996
51.48216244109655 79.91587539500352
93.25350298559094 94.87056216720471
25.28165234059617 94.7077221115126
79.65123611376043 31.98355208432898
41.874900887719456 51.02992979841604
21.02097527144022 26.168566162509855
70.42357256554207 70.05509425150422
49.418618611412235 55.68248585875062
10.48631958623336 80.49002432601154
21.65147615428713 37.688380699246885
96.13286013034936 67.35093151937518
28.989451525634703 5.871755077401786
20.29118119105654 71.13083729027872
82.34461004282983 16.285893527294505
10.434401595023612 16.952338139381272
8.453294429149782 50.98747389098265
4.704249526711912 32.59851010214662
98.35403187709409 74.62792260184732
58.060143812876255 68.062592982466
83.28917510125851 23.5654555210727
59.121910546872535 85.171123633819
35.34615845513438 82.23375249715124
61.2543248712363 26.719016661533278
18.727050617447883 34.616525600831714
48.38788231779358 1.5388954149765488
20.46453679231208 8.883695307853989
38.371169253934035 21.3045697368333
57.586717282697954 28.76843718552129
1.9238935811194402 31.68206549665149
60.46203847586848 95.30450554748128
37.0941765855383 21.81639111917241
50.57208322864947 82.29962139293018
55.066756432711095 85.22135265727184
39.73892822289121 42.81766989866066
53.1605541176041 95.12054118649621
33.74753205190596 37.27592421671155
45.02087045795788 41.324618534903145
79.89553794987789 26.8301886429101
52.22476820707492 78.84414799987218
47.08759805073331 44.667838234462295
0.20240886863922558 8.443826411641119
5.3027638114521825 5.603154528524968
74.84157757180488 99.494864739076
71.93950841542474 6.511007878603636
46.30138125588418 53.65666350157087
98.53754401031324 65.74714057887519
83.55945932040716 66.8962268800718
19.505192956359284 44.33760538324356
7.022413952604001 64.53783773606044
50.718968563522196 41.311141056640444
42.13982143302532 87.21786549236664
70.78673300624897 44.58612271232604
40.84163054313681 98.3291476139483
36.50544073730235 68.65219221034063
40.14395744834276 92.75953615677932
9.132597781430151 15.61759969118166
75.58348893316469 68.40843573068506
52.962305322895645 0.5356878358571793
72.06213230852269 70.15312740276943
18.10872734890304 3.5977185535963296
48.63730218020349 65.04711331485524
90.66433493658535 13.479550530128993
53.45720076794538 80.92128308897585
38.593495850472 26.371281793345947
99.82881625465343 16.164663255429225
0.32743782820384704 8.033219067917852
75.31571637831259 44.45314228746189
23.744686479284372 92.23696580392821
41.20489323928257 56.17665775215141
3.9965186160224264 31.986019380336305
92.56454304990058 97.23556886546805
10.356482885044493 88.60255920812611
61.97909318739264 78.31110579979011
67.47820496331316 12.961909132271765
60.469785340997575 84.64741130763396
72.9849067845448 28.118997447434147
91.84495642171308 64.02133866524107
0.5552344144392318 10.34021432852671
39.07690874764938 66.16203160083404
14.500176804883635 30.782477340574886
55.91065322559816 10.68955856764655
85.63930707287086 39.6522382772588
20.352510006003534 1.8540957760148524
83.20714809193238 71.6190056579921
81.92986819151209 23.698603534782503
88.60817778879473 7.204022464200199
4.54203142590166 97.15102776196693
30.72266834480638 4.6532507492348385
28.248948285887423 74.84036350467002
64.86989514357208 38.698443809003855
51.13475386854242 89.30295075367131
88.17362033707384 87.22458000711518
98.75325954943723 58.47124696292951
48.871300113396245 3.5602541398514598
83.4753488524207 27.98314613456272
57.49828919415212 1.1940741763052931
22.50871071163848 0.434255842865261
97.1182828406697 86.005091691727
14.551081745672857 33.525303514214144
15.207403421508536 41.22052141771644
89.2041445465347 77.13969648447953
76.3148209163669 10.412078224181442
38.84710632348756 28.53034733165094
59.291210647384496 26.26318242124076
57.824163427151476 87.1116896900046
73.64958998672554 89.38925207245155
35.18393751549698 2.457202940823966
9.917136993279996 34.72444500901648
79.69681328160301 65.40051739834544
76.68339428531976 81.95204078879023
6.3293933206678865 90.90790307977814
4.733597371487974 66.56886239227458
8.056192112603522 49.02110412226014
57.264288476511624 65.39004164770996
78.78701376400204 57.76524739732245
66.04154395608165 35.416055688974126
42.87002273986767 14.675320133124659
56.22151044112198 50.862449780748875
93.47540019169284 91.81149597790059
45.42283803190479 77.85183063608214
90.71208223315519 26.207134710916513
65.18961586040477 86.71164871672418
16.504384716182543 13.914086746581278
89.23885244861542 41.91160305216961
68.37026154451871 26.833472988967344
37.160338838162524 15.85213336334772
39.29517126822736 1.7317878928383657
87.78365277815445 47.9684233189798
64.4433943217646 35.25829359544086
83.11069580166813 70.46028879631159
50.90198261928261 61.873375046942236
4.759851659374981 57.51355124388249
76.72233485924433 77.37371932042551
6.323835948633505 34.52418158507058
55.30158842054369 9.391055377412439
58.20932324865308 47.664144238694526
76.76447971205586 95.59352169791607
23.48584866302943 97.34041857634062
26.91121689150453 61.972040585715106
69.11026487107202 27.927958739316406
54.10450114949644 39.97336274126917
2.483521939230271 1.7246097165857233
13.447657585538398 30.331388985621246
41.892493845568325 10.172626426596343
72.15665795547395 23.40585609774335
95.3141664674631 48.967480916633285
53.299710710435185 88.76581828614562
23.593348799113322 84.9408078358178
89.11917828701398 95.40895940748105
45.139693950778245 12.90587369521562
24.044017451019773 80.11337977969453
80.98753977125618 42.83012467757281
96.46015750086981 66.76929444343361
30.1967441645022 24.673529327534915
75.07914518605196 86.48404520021442
42.03951118084267 19.368578513578193
24.50546674432863 78.56291205062651
6.505486377729319 50.15701189523434
10.406935197078404 74.66110322504365
72.42278476109809 28.602565550076122
50.44284160978803 12.304728413118882
30.309903017341387 54.02954115688763
88.36176126670377 35.71340981586572
19.211223637105224 99.369566474135
22.47382961355875 14.080119236538014
28.626704010856386 40.54570106672062
66.5800313717158 78.09199748168754
64.60522539349873 96.03490546953077
55.546099243885806 9.678483752276467
11.394505458197779 72.10657531156318
75.6804681631356 54.13038740834889
60.030973075985436 53.20362602855984
54.78370364604015 7.269239203573097
83.87925551080883 13.00317977904265
77.6548052693591 71.03085414908648
4.620967436569878 53.01902184215842
17.168194179527717 65.79691149279688
40.47282389689706 40.50868121982016
26.74993823674078 73.22303185513991
67.8236812813916 20.76503189126204
22.84569524212007 20.34114004408345
65.59659085232732 49.06732449245871
42.1184906781734 68.77041658359246
78.06940416167922 23.523046075691866
36.010282464723446 86.71612506974033
72.29704309736087 89.478363914828
91.64148485814513 85.66072696969327
93.95899635315062 0.7561457382659786
23.43180521912207 25.500524006214143
94.63714257222485 27.88473167990979
29.961779647270227 5.795052923252686
64.4195639536011 65.58234864880522
83.13312641659579 18.937258067139474
62.97480333092585 17.687775838701526
99.58898834390513 53.724455971383854
50.98890835836634 5.463641940612096
10.045114555869484 29.408755392987317
48.37871375208124 64.38872441127928
68.737495827348 67.92482085681951
1.3846136521597607 21.177254279280287
66.6823082791939 66.55175729354137
32.768849871241656 76.6596244893032
68.37974218084474 84.4022399765754
0.405696089827734 76.50762417085288
87.674152006656 2.661648862393806
80.16455696538615 28.856451610841948
46.31218511461416 21.417717307187534
76.65231692824304 27.646008537884658
85.34334677936994 62.340323240589676
1.643197609049618 66.96758986070867
66.79089037146842 12.391487247323262
19.208019506843844 84.986315213386
41.81300571578672 28.446280699470783
97.53559873646374 25.46974127724998
75.95374492961481 76.44859558965979
75.5586135931447 7.496821060423242
63.24234949557959 26.72455030786307
87.38325300306859 23.71189472194174
55.304753832171485 87.97645784469994
29.74911018855606 77.56260079878652
4.597252391013685 59.968689038103584
78.54537231548174 34.91836383499789
30.41585043367967 17.191634685234224
34.06702922309525 18.529996985737995
95.78947616795925 83.5646910795853
70.98451315187803 65.37027636882176
74.90608643686599 22.44538413405184
57.83124074615152 46.668167698680605
45.95685565780161 99.44152406631015
3.7223218626991517 70.9421963555137
18.591845148214848 45.16359969077279
32.66439092038136 73.93749168224547
14.13956088193956 48.4900701464946
3.5564850094254252 22.57086894847169
81.14914849155787 2.8297934148828863
24.588001471316634 54.190715565825286
70.0408808918898 82.95560158297832
44.8995090815075 99.77683983020125
13.425998624627123 14.548092188034767
58.10968273964773 87.35428119791256
43.755724273816455 11.774571161925241
73.98868637870643 42.537780371915076
14.132485022938123 25.54000304632632
8.594376156056738 40.99327133343426
59.695926197426 96.65741132054521
19.72206587704648 70.05983911060913
1.3289302521225177 41.519580179741546
66.8150194073118 94.61365475154186
26.908459767913108 92.77332007586888
43.378343410001676 88.36864365256373
16.8717087574376 4.459873699790706
37.02630802967506 64.87116783419097
8.545521656343025 30.28821755286494
99.37022430995012 92.8990773295592
88.77089159873046 27.99659122411252
13.664391816739151 98.75952797908121
20.661504560580845 86.06789798031932
84.67852127351401 8.632668202711658
96.506366419475 32.05734953839355
64.95998433305195 49.50586962676665
40.15715649967012 11.119327373740461
2.554253663723216 62.086036148284265
87.26205713842536 90.59283650757504
32.6474007872139 4.276305523849311
45.8180095509665 28.711312356556363
29.41177284745503 91.27456176065945
46.07817578203354 26.75780673631425
17.732336939436244 97.21155171262839
80.46574746998469 2.996183482518311
43.60135098590887 83.26657535520124
44.74938288152086 87.3528924064939
80.59529518022485 65.46515243442454
30.677779453609755 25.095227234081975
62.50496620949939 94.02933116662426
63.6916480951517 1.5420052444565235
13.532286123198023 4.378595725680478
91.59242284400072 16.860650921468757
7.239834415711355 94.59426419861693
24.09248830132047 81.1889239653238
8.531919754068628 77.33458506919696
63.9427264270779 25.84182456511801
44.62231526336456 1.6408070865353896
84.31190348097259 38.42446709165821
76.31041911357764 6.206392256801174
31.785754851671054 88.41310508489161
94.0724156219178 14.08117343286641
16.368050113342147 27.41213998213441
68.44448500778918 38.93173576995712
63.60330612662995 57.53280540047779
96.38899321100187 46.675034924359096
64.21971432952402 79.54916497489953
58.60666571558125 44.63026911494866
17.8021247419643 29.554985507285735
84.1551502289283 64.30582833139154
24.959940621116672 7.150528146870483
67.46357808867174 81.42200052258636
45.15434558145392 44.26868191234169
18.075345603044845 92.97338557241186
16.913704888987247 55.27036262425751
66.43604759259347 84.16464380468179
19.908318643688904 21.92801237801165
78.10469931077452 93.20300985994527
60.318313580774905 96.59581220213418
25.194892002548386 96.46182406732713
78.99874041889574 43.14723885116084
52.432614460223206 34.95154934485585
31.536789057409976 13.920119954929255
80.17535640540265 61.15832859783525
58.909222464117725 20.919503909735603
98.8777371289607 31.34371764702314
21.47807635378133 25.122144621366594
60.63312367313436 84.71352399247704
51.00263090484013 75.08186524969133
44.786668651921055 21.44923737902783
8.18527175690431 57.17812051613426
0.1842356305416626 45.17612465067307
82.23644836171343 73.93384683623952
86.15529938233102 84.1815984217404
5.152981201757278 55.97394940846024
33.31069947710177 38.29830905152471
73.7397694854173 89.71895828059839
26.58813255079838 33.193224312744164
88.80314316898387 10.270385547421112
89.528977956633 49.77904578621195
94.62593010202806 26.622338010641766
27.4380937419765 54.84914753498196
8.783151525109833 34.90277203792659
69.07386573201595 75.23759652634772
72.81760133391505 94.1704508689966
77.94707635987342 10.153102349285847
98.16547741213915 44.49630434151288
21.462511869559286 17.271016753435287
60.75042109687897 32.350417913686215
14.324762064953456 43.031261645938244
56.029509799193534 78.37639588669785
8.633916968323241 26.506057532039495
54.983759710268565 68.8140198780266
53.28326849720397 91.43361349067695
96.26498676862477 32.60434771657277
51.06349429658405 77.02646058897264
27.408634099860286 94.0953580165803
35.67554111858083 49.60799341313356
6.8651383056257735 19.076198335527028
73.75183265453342 36.95553263338758
13.944369648279952 17.030252286018708
61.27488644664084 91.31953368971733
16.64648980631258 60.14722745926699
85.8991937403754 29.106732790965317
35.13317994262136 87.94261056290827
28.542847931152004 81.85872754027561
55.33220082796642 63.821256195091756
96.55389452164391 94.47640885137446
10.215021029398851 58.509954835090184
23.112481748421686 13.229068524989119
37.6094274021458 24.54086381783773
86.7366126833675 38.99651811218564
65.94290054770539 96.28480272664603
55.87234191757575 61.06856758283236
11.032170724464041 3.4118150302541395
72.20480462723933 85.27961270861874
62.30181468152662 26.204740367783565
70.36574492532411 83.87861629612759
67.36294635283367 80.85777270582703
52.55759752424417 47.4754330612165
33.32515593753398 38.07047546594864
62.71597567578796 76.07144014429905
97.68505705171007 96.38532078827075
27.71753563602185 42.56030099027388
60.254485973473095 66.07696943304626
56.30126337759004 53.02692139323742
35.058901018278156 66.78327053725553
9.355021830211696 32.16738082202952
48.04654744555846 72.81654666429638
6.813059442588331 29.328594913859785
77.94069742331604 38.20923258154348
8.361760594337664 75.93574512246502
83.33902257305124 78.96895659110503
19.04712077691254 45.130069608730096
39.55116357224273 63.592076973018784
44.35018524535755 27.93631056800827
48.444060173824546 32.06683616730533
53.55928374382546 16.27156725885629
45.83633390454719 46.53478479945395
61.539422363012655 90.85502301449341
84.89829845218077 28.27212330915142
81.17877342181205 32.98676684773696
64.74188774636794 83.77739637508796
43.87912842313722 30.925187336046545
99.99601864999059 5.396088680530875
27.30090748047429 96.4721995720528
34.08796062069316 52.225455775939764
28.04732013569724 9.492420348634866
64.06257994397758 63.259505157268194
75.46232108341005 68.80579080937234
46.914493288571414 17.14289949549078
81.24870641016379 3.376606189987552
55.51406209459972 77.68571072993959
82.7598935864178 72.67049882463289
85.05763427363718 55.735539948999225
72.94307105708133 22.912119744955373
57.128073975707295 9.49316605934094
29.99763602623765 38.96270740875909
41.910421493135296 91.91817116760166
36.96937999516815 72.7607341817219
20.735565284461032 48.7496262409573
4.189951622044374 98.82235760124001
39.28718053460386 36.41131385416423
40.31283812739746 42.26868781613715
23.272422151180805 38.26644942055341
71.66236703813514 84.61219978160524
38.89884034187443 80.95158086041306
59.91097134660287 23.773137595833337
62.71690617135681 82.43856694322344
7.855067855405218 6.5081090341388315
2.6638310228285 86.2017910470562
59.195942164324734 17.53987962998591
42.6208577024375 16.209430330598686
22.21231209243285 61.566652346222114
87.51046350421315 77.6713555005672
72.25215069075949 74.32900621245359
91.41874444684832 95.09260468474348
99.05006750006868 84.2855482706537
96.47636233040934 91.81673590690205
46.34412278315558 4.809562768076847
32.27962491621575 51.97600140445022
91.17640108336026 11.089498322016865
4.108539755366081 80.5343602320505
13.837280882909543 58.84965895953292
15.876874223691617 52.37810003800662
80.00803512868313 97.66718324244637
40.767057646351326 89.36483905908258
52.21276585324173 8.72848925884927
16.363363997626458 77.33897615898664
32.7750727367479 5.264169125411245
73.80181974788536 65.29177547595975
68.19758368592215 6.986440063462163
27.343576456603802 94.37809538669147
39.60350187109085 45.76747562293003
54.62219953451696 82.12977908774222
30.59523944043916 57.82884768432116
99.88925845892453 62.78982152935582
69.84496682344928 35.07274930697849
87.26711155715377 88.35293524732828
99.90212562720438 87.12779661907307
69.39408196739133 80.09958138743238
93.90710580255299 57.74717977401659
73.49386881422654 55.464939328142236
46.99744969816655 9.063339375508829
80.75084028272232 51.27834315029778
37.56992571670925 66.07303515712634
14.124206806525363 46.91472453258494
60.43366451144141 9.227210455743828
65.11158309476937 97.23870152620894
79.79714350551936 27.61515353520424
72.87635566764223 39.34287413106931
84.98781674551672 53.04320541567679
77.25471506588649 57.434544038135456
87.62440523660302 32.168752888955986
97.23199811685028 22.721698322403693
53.246391468353636 59.3254098985699
14.97722872952748 21.699036757738277
90.65586794876504 98.10571532469393
46.40762028318153 36.56637222481338
40.0261646774926 76.97310568576076
89.23915289052967 64.2115621371602
7.244062205139301 63.660604915089046
18.304045760938735 73.87054132779987
60.19398368305667 62.73879331524256
58.46533052249673 71.61168842199469
85.27354516580722 80.75793044149144
38.88997892022245 5.369440587433349
76.27696261816283 90.05164565319659
68.35764241262405 0.7445216441146485
22.04908918988876 76.89583371667578
53.13905070732192 34.39038932357125
0.4633356380143505 10.858218697143263
23.49544517287051 57.980479707177814
65.00527713948911 54.6420163848915
85.52039334846224 61.96848924335917
20.03713582040384 86.31670270245915
38.42028222153838 58.69057446444984
2.434139814827674 43.94175430104593
24.576425624150488 33.66103808026727
72.52394990439119 44.9697825629023
72.38988659131564 16.430481743346714
10.497802836414916 62.85560000144217
68.3016162544873 23.82971952717875
92.56865373195552 78.96367715544554
69.785398534764 59.258430979602174
9.023908471937848 27.47385042547399
88.53853078282145 53.520845959399864
50.372303951357885 68.21965490307417
59.38269796234291 61.87392476683219
49.67907191502573 24.649655001984094
18.54175112293177 89.85781586203063
58.2695600552748 54.39810982038868
82.04152729129241 33.26666697786765
96.66112232137233 23.25875079567046
87.54080917046123 32.83854390402846
76.1161751943261 54.29216387781138
17.291957468893393 81.27307577395688
27.52573580582022 11.796095494151604
83.01082385215845 43.56800883712181
76.91359487085275 78.4986056351047
75.45748235087642 51.89054602096343
89.46750892580187 29.39470529516891
22.220859936494954 7.28809759229605
3.03078726119268 14.572142052661775
63.51833574089494 65.69162260936122
30.645838410065274 3.630293364787951
25.974145945659387 29.939534874536367
60.83792729859713 19.31579661554229
1.2419877925945788 42.3208031867001
49.86581238555745 43.05282390368379
2.77139880654923 7.886022370805678
54.21926447883465 50.44224980323159
23.30217533857497 22.62068533141307
38.653358091622934 5.561151912938655
14.421092311637274 16.782867000579405
50.29370966565434 25.96440372403046
65.44906666967675 15.739065354058202
36.0393959531047 26.884211941928303
57.889228917578464 82.28601155794533
66.5449121263037 75.54271953583859
16.87538193570829 60.65249481948924
88.69314337819681 31.041766653871694
2.806969058412656 68.17559273806579
50.79782321935553 12.04743928973906
78.3771217729381 87.56660134016813
32.428807847543226 1.3765629470261276
42.30692250367507 10.439454543572356
6.401060317842044 58.16366736001992
56.16719473808372 60.389545864343496
94.07583067013886 86.97042445659989
85.76589012672206 9.566930463554769
14.4423201276087 26.328928444834666
5.4730251265736385 3.5306598606721695
57.09808860463183 52.22814344288965
98.74388305479253 88.80244788243027
90.34633974227091 87.35229110545507
11.755187812331924 46.58390344509659
44.218774233481575 19.646525437598285
69.53257892618532 84.69428119526107
43.5529854279333 81.12728460456589
59.025018108656724 0.00264462191642556
4.528213600515818 13.311949998208805
53.05394477449362 55.9588551433171
47.78355152063008 40.103656669713196
60.144316109082794 47.43053189267369
65.93166027609004 67.60387651635035
34.80153744014214 56.75174091838364
98.14396767697677 39.01119576665847
54.93032492120796 35.16298736209657
63.417220801533034 6.020732834825782
27.439489640248837 10.349954156771702
99.68630601775303 76.45967620982262
50.528979625103744 5.343094958943773
77.4159181571562 91.94127723040911
66.43425862348485 13.800725936875779
43.11188789483845 18.136459631250634
52.63388064894335 25.71926719304576
63.10569068506007 61.76802226634401
13.875282606273087 76.80708735031445
32.33083853529999 0.607260486622252
13.968565521950948 62.73744950130209
58.22340090263276 68.4706227031515
65.06753130992367 89.60626000074812
90.48152273059537 39.69369524144679
39.96845326584434 52.68745012135554
1.273599544669557 13.671149035181918
10.346192900160434 18.14175905410783
33.06178058679387 3.8338916153422775
12.222902153280135 72.27539920775631
22.570943835896905 99.1849615224758
51.45485983603234 74.68340343126482
16.71448687924513 59.06758260235365
58.749541879487225 2.925952441431323
0.5688106394377335 34.28233224412539
58.46030125004069 10.466989444766472
32.687861727306135 67.90089071609752
12.056424851611192 71.7591042707081
74.27524458358963 30.199210814801567
66.52451681224166 60.01232403144178
67.59658670510976 63.35058434936221
38.20020016568878 87.724084078869
16.849660305967816 94.03906547298004
10.595447203857923 43.284544408062885
98.831573283455 65.0614067141165
40.764981178310066 49.898299465394004
92.06797971950238 74.88452406897424
85.78640648773282 47.89488588619095
26.642477325225002 28.261064172084428
14.834043805498798 58.49159164735802
19.889783244063718 85.91057441063042
26.723772899352937 77.5356212300643
57.95253861683081 21.23030081001771
6.862441362597571 10.196147611109607
27.946849141226128 28.966473855991836
93.8902898688157 43.468335657986955
8.543259209735387 31.534653482678067
77.91522533402224 91.1798219500876
60.77805079947278 77.91802360853924
53.43899393905747 52.51823110958268
72.39011371945728 30.33839955076735
14.775849111193306 60.32677027728146
40.00413468816421 32.245773566550774
99.09047278690873 26.33410325300195
47.63917758363389 21.804465688465235
63.07234871423575 49.17683836250652
70.42124259957548 10.80727160028363
74.10036583447477 82.13451941534461
48.6329533224637 22.10236476138614
53.98418382019483 74.2211735865092
80.93117697477665 67.21056379953649
98.49359900403087 3.0745541403525145
20.194196117883546 41.297522753566696
52.36201382621086 3.51093417652788
71.78632381157226 40.39474326937571
17.508125318005785 13.633266982468296
46.2755935417762 65.22697332628181
32.02513703465176 38.115627047458034
34.50799741543219 96.26053814409515
30.29647769937418 58.755216132498475
9.544388210140886 87.21899875287498
11.427371360288664 99.62292093847255
62.86443459898287 35.23427660822732
39.4273659320189 63.41553030048558
35.54797318309602 89.86999193463261
54.87613179313276 64.63977564852536
29.19306176447718 78.05247257503954
44.18660370733305 26.607364301602175
23.30716448369182 73.73755985479588
23.598631046045426 40.86493683421134
50.19268239336475 16.18136859278756
65.89298154447593 9.66565046020399
55.61245494797087 45.46228467465356
40.06282932306585 78.94383447016196
67.57398698892338 11.068289830274768
2.4869958256833358 67.74634471638129
52.56131507974888 38.62300109104583
76.46969960887 80.79047621918517
4.275272551795206 26.188247514930396
55.53847995575878 58.03920913133904
94.75930161569235 11.593014841021143
53.6024637714627 79.75679064899407
36.87314748822194 50.76968700243629
38.33643727297956 15.063785117955264
91.99815138589588 29.108396147065786
78.82619993161222 20.642116441396187
81.58632883633989 82.76509867633666
69.81553539792189 8.363727429668632
98.06970756084937 77.92385159850166
28.499486232758066 64.07731849240417
36.09356773503573 85.96345085328818
97.42042317490318 29.817952673510717
58.653935748015876 99.52926023660075
36.534856375971415 36.64736362088976
76.43256925645603 26.631734988635415
63.43543109715495 16.28909471769492
77.72245256085436 18.571812038393254
80.6963993690769 95.85791066437004
70.86410721657768 59.552483022024774
77.11271393861612 17.766123418002564
99.85371176382606 97.06086712570166
99.65565059725705 14.403828092346483
18.65209745184474 50.43345345881952
55.993435824139326 58.54407092112884
56.090150303484286 87.6958698934352
0.09639540244170686 67.17185203599519
25.381093710112047 74.5840805348405
43.02071159260278 96.66232327491485
51.43944505315753 74.88832598846584
42.97153932391896 34.218524980673095
53.62392270465066 90.90057735765511
29.592306456139163 81.95260658734234
28.69947422511403 95.4690312614215
62.88141509000241 80.19799370651128
5.208834504044136 17.89365147092695
26.277826444181528 49.847465160736014
40.046789650632505 69.17214106684716
82.40477153029218 14.359576709910316
56.05845074821271 81.82529672554027
2.819509264274078 29.423264214124767
23.83010036030401 53.51904191489042
29.072038692725744 48.91358659278537
15.582254394242623 3.438130663972938
89.80680172230919 1.4125594955670895
31.48866577094911 70.39479825655862
0.01624570053546659 26.04173847420399
26.33462279093901 17.593320146356362
81.09437006505142 21.746902572945125
10.638453475524678 82.60548527342053
52.13747684400931 5.753969075763221
64.79323418565423 31.97715195818418
9.750233499486438 26.89387901092407
72.80092289844198 57.892530251733575
54.93198410779277 24.03411151037751
9.595180246626034 93.27601080888547
44.21606608278652 32.72997309702183
6.95925151563348 53.11264366238699
80.43910052146128 80.87348206586068
44.806343029306916 69.25691535672318
27.061480158657403 79.61726577357162
26.378658100828332 9.120199642703142
39.35016464488783 80.38541320711798
21.084983783623336 66.44583370040162
45.77037756223129 83.06621070654423
56.12714132686687 9.183574804106698
65.03252318825507 60.0784243532784
97.39271557833386 87.026934094111
40.541138099576266 43.333209911178585
69.31149801342302 26.8924956898315
65.94103614944427 6.731674765249784
97.78995387994874 60.74182243205988
3.6926155607152844 82.24955850582208
29.087276081714663 88.15195117329066
73.0356521406155 50.007979768136664
11.417794808121096 19.259810322749406
88.52535139320904 25.818818002285127
95.79372466794881 6.196838644164194
57.170333295193664 19.950472333446346
93.78762504771113 5.317013170120289
3.574758451724769 69.6812994703639
99.11374457911742 65.79278995123039
98.43338137526449 9.383726187575213
56.70490749329825 42.17696024991686
63.13444047087358 39.0030378357638
4.127640722925596 12.395720494614338
95.18216867458801 62.84692796019991
20.168513681749054 48.363335526682164
0.3513406856626822 67.2515055708235
87.72732603246344 98.4009604058726
95.20255405243017 46.60171811057613
40.72317312427076 84.60527530099662
30.02166431458977 54.656671164797785
31.76117670109434 83.00138402139265
34.34495210694312 80.26309196302584
24.534640788877525 86.97335838006708
51.057442625808825 72.81282294786773
23.616131714899257 66.52246754767958
24.523163579544015 67.00677834598167
